Satellite_500_1_1
1 00001U 00000A   23121.00000000  .00000000  00000+0  12222-5 0  9993
2 00001  60.0000   0.0000 0002000  90.0000   0.0000 15.24308387  9998
Satellite_500_1_2
1 00002U 00000A   23121.00000000  .00000000  00000+0  12222-5 0  9994
2 00002  60.0000   0.0000 0002000  90.0000  15.0000 15.24308387  9995
Satellite_500_1_3
1 00003U 00000A   23121.00000000  .00000000  00000+0  12222-5 0  9995
2 00003  60.0000   0.0000 0002000  90.0000  30.0000 15.24308387  9993
Satellite_500_1_4
1 00004U 00000A   23121.00000000  .00000000  00000+0  12222-5 0  9996
2 00004  60.0000   0.0000 0002000  90.0000  45.0000 15.24308387  9990
Satellite_500_1_5
1 00005U 00000A   23121.00000000  .00000000  00000+0  12222-5 0  9997
2 00005  60.0000   0.0000 0002000  90.0000  60.0000 15.24308387  9998
Satellite_500_1_6
1 00006U 00000A   23121.00000000  .00000000  00000+0  12222-5 0  9998
2 00006  60.0000   0.0000 0002000  90.0000  75.0000 15.24308387  9995
Satellite_500_1_7
1 00007U 00000A   23121.00000000  .00000000  00000+0  12222-5 0  9999
2 00007  60.0000   0.0000 0002000  90.0000  90.0000 15.24308387  9993
Satellite_500_1_8
1 00008U 00000A   23121.00000000  .00000000  00000+0  12222-5 0  9990
2 00008  60.0000   0.0000 0002000  90.0000 105.0000 15.24308387  9991
Satellite_500_1_9
1 00009U 00000A   23121.00000000  .00000000  00000+0  12222-5 0  9991
2 00009  60.0000   0.0000 0002000  90.0000 120.0000 15.24308387  9999
Satellite_500_1_10
1 00010U 00000A   23121.00000000  .00000000  00000+0  12222-5 0  9993
2 00010  60.0000   0.0000 0002000  90.0000 135.0000 15.24308387  9997
Satellite_500_1_11
1 00011U 00000A   23121.00000000  .00000000  00000+0  12222-5 0  9994
2 00011  60.0000   0.0000 0002000  90.0000 150.0000 15.24308387  9995
Satellite_500_1_12
1 00012U 00000A   23121.00000000  .00000000  00000+0  12222-5 0  9995
2 00012  60.0000   0.0000 0002000  90.0000 165.0000 15.24308387  9992
Satellite_500_1_13
1 00013U 00000A   23121.00000000  .00000000  00000+0  12222-5 0  9996
2 00013  60.0000   0.0000 0002000  90.0000 180.0000 15.24308387  9990
Satellite_500_1_14
1 00014U 00000A   23121.00000000  .00000000  00000+0  12222-5 0  9997
2 00014  60.0000   0.0000 0002000  90.0000 195.0000 15.24308387  9997
Satellite_500_1_15
1 00015U 00000A   23121.00000000  .00000000  00000+0  12222-5 0  9998
2 00015  60.0000   0.0000 0002000  90.0000 210.0000 15.24308387  9996
Satellite_500_1_16
1 00016U 00000A   23121.00000000  .00000000  00000+0  12222-5 0  9999
2 00016  60.0000   0.0000 0002000  90.0000 225.0000 15.24308387  9993
Satellite_500_1_17
1 00017U 00000A   23121.00000000  .00000000  00000+0  12222-5 0  9990
2 00017  60.0000   0.0000 0002000  90.0000 240.0000 15.24308387  9991
Satellite_500_1_18
1 00018U 00000A   23121.00000000  .00000000  00000+0  12222-5 0  9991
2 00018  60.0000   0.0000 0002000  90.0000 255.0000 15.24308387  9998
Satellite_500_1_19
1 00019U 00000A   23121.00000000  .00000000  00000+0  12222-5 0  9992
2 00019  60.0000   0.0000 0002000  90.0000 270.0000 15.24308387  9996
Satellite_500_1_20
1 00020U 00000A   23121.00000000  .00000000  00000+0  12222-5 0  9994
2 00020  60.0000   0.0000 0002000  90.0000 285.0000 15.24308387  9994
Satellite_500_1_21
1 00021U 00000A   23121.00000000  .00000000  00000+0  12222-5 0  9995
2 00021  60.0000   0.0000 0002000  90.0000 300.0000 15.24308387  9993
Satellite_500_1_22
1 00022U 00000A   23121.00000000  .00000000  00000+0  12222-5 0  9996
2 00022  60.0000   0.0000 0002000  90.0000 315.0000 15.24308387  9990
Satellite_500_1_23
1 00023U 00000A   23121.00000000  .00000000  00000+0  12222-5 0  9997
2 00023  60.0000   0.0000 0002000  90.0000 330.0000 15.24308387  9998
Satellite_500_1_24
1 00024U 00000A   23121.00000000  .00000000  00000+0  12222-5 0  9998
2 00024  60.0000   0.0000 0002000  90.0000 345.0000 15.24308387  9995
Satellite_500_2_1
1 00101U 00000A   23121.00000000  .00000000  00000+0  12222-5 0  9994
2 00101  60.0000  30.0000 0002000  82.5000   0.0000 15.24308387  9998
Satellite_500_2_2
1 00102U 00000A   23121.00000000  .00000000  00000+0  12222-5 0  9995
2 00102  60.0000  30.0000 0002000  82.5000  15.0000 15.24308387  9995
Satellite_500_2_3
1 00103U 00000A   23121.00000000  .00000000  00000+0  12222-5 0  9996
2 00103  60.0000  30.0000 0002000  82.5000  30.0000 15.24308387  9993
Satellite_500_2_4
1 00104U 00000A   23121.00000000  .00000000  00000+0  12222-5 0  9997
2 00104  60.0000  30.0000 0002000  82.5000  45.0000 15.24308387  9990
Satellite_500_2_5
1 00105U 00000A   23121.00000000  .00000000  00000+0  12222-5 0  9998
2 00105  60.0000  30.0000 0002000  82.5000  60.0000 15.24308387  9998
Satellite_500_2_6
1 00106U 00000A   23121.00000000  .00000000  00000+0  12222-5 0  9999
2 00106  60.0000  30.0000 0002000  82.5000  75.0000 15.24308387  9995
Satellite_500_2_7
1 00107U 00000A   23121.00000000  .00000000  00000+0  12222-5 0  9990
2 00107  60.0000  30.0000 0002000  82.5000  90.0000 15.24308387  9993
Satellite_500_2_8
1 00108U 00000A   23121.00000000  .00000000  00000+0  12222-5 0  9991
2 00108  60.0000  30.0000 0002000  82.5000 105.0000 15.24308387  9991
Satellite_500_2_9
1 00109U 00000A   23121.00000000  .00000000  00000+0  12222-5 0  9992
2 00109  60.0000  30.0000 0002000  82.5000 120.0000 15.24308387  9999
Satellite_500_2_10
1 00110U 00000A   23121.00000000  .00000000  00000+0  12222-5 0  9994
2 00110  60.0000  30.0000 0002000  82.5000 135.0000 15.24308387  9997
Satellite_500_2_11
1 00111U 00000A   23121.00000000  .00000000  00000+0  12222-5 0  9995
2 00111  60.0000  30.0000 0002000  82.5000 150.0000 15.24308387  9995
Satellite_500_2_12
1 00112U 00000A   23121.00000000  .00000000  00000+0  12222-5 0  9996
2 00112  60.0000  30.0000 0002000  82.5000 165.0000 15.24308387  9992
Satellite_500_2_13
1 00113U 00000A   23121.00000000  .00000000  00000+0  12222-5 0  9997
2 00113  60.0000  30.0000 0002000  82.5000 180.0000 15.24308387  9990
Satellite_500_2_14
1 00114U 00000A   23121.00000000  .00000000  00000+0  12222-5 0  9998
2 00114  60.0000  30.0000 0002000  82.5000 195.0000 15.24308387  9997
Satellite_500_2_15
1 00115U 00000A   23121.00000000  .00000000  00000+0  12222-5 0  9999
2 00115  60.0000  30.0000 0002000  82.5000 210.0000 15.24308387  9996
Satellite_500_2_16
1 00116U 00000A   23121.00000000  .00000000  00000+0  12222-5 0  9990
2 00116  60.0000  30.0000 0002000  82.5000 225.0000 15.24308387  9993
Satellite_500_2_17
1 00117U 00000A   23121.00000000  .00000000  00000+0  12222-5 0  9991
2 00117  60.0000  30.0000 0002000  82.5000 240.0000 15.24308387  9991
Satellite_500_2_18
1 00118U 00000A   23121.00000000  .00000000  00000+0  12222-5 0  9992
2 00118  60.0000  30.0000 0002000  82.5000 255.0000 15.24308387  9998
Satellite_500_2_19
1 00119U 00000A   23121.00000000  .00000000  00000+0  12222-5 0  9993
2 00119  60.0000  30.0000 0002000  82.5000 270.0000 15.24308387  9996
Satellite_500_2_20
1 00120U 00000A   23121.00000000  .00000000  00000+0  12222-5 0  9995
2 00120  60.0000  30.0000 0002000  82.5000 285.0000 15.24308387  9994
Satellite_500_2_21
1 00121U 00000A   23121.00000000  .00000000  00000+0  12222-5 0  9996
2 00121  60.0000  30.0000 0002000  82.5000 300.0000 15.24308387  9993
Satellite_500_2_22
1 00122U 00000A   23121.00000000  .00000000  00000+0  12222-5 0  9997
2 00122  60.0000  30.0000 0002000  82.5000 315.0000 15.24308387  9990
Satellite_500_2_23
1 00123U 00000A   23121.00000000  .00000000  00000+0  12222-5 0  9998
2 00123  60.0000  30.0000 0002000  82.5000 330.0000 15.24308387  9998
Satellite_500_2_24
1 00124U 00000A   23121.00000000  .00000000  00000+0  12222-5 0  9999
2 00124  60.0000  30.0000 0002000  82.5000 345.0000 15.24308387  9995
Satellite_500_3_1
1 00201U 00000A   23121.00000000  .00000000  00000+0  12222-5 0  9995
2 00201  60.0000  60.0000 0002000  90.0000   0.0000 15.24308387  9996
Satellite_500_3_2
1 00202U 00000A   23121.00000000  .00000000  00000+0  12222-5 0  9996
2 00202  60.0000  60.0000 0002000  90.0000  15.0000 15.24308387  9993
Satellite_500_3_3
1 00203U 00000A   23121.00000000  .00000000  00000+0  12222-5 0  9997
2 00203  60.0000  60.0000 0002000  90.0000  30.0000 15.24308387  9991
Satellite_500_3_4
1 00204U 00000A   23121.00000000  .00000000  00000+0  12222-5 0  9998
2 00204  60.0000  60.0000 0002000  90.0000  45.0000 15.24308387  9998
Satellite_500_3_5
1 00205U 00000A   23121.00000000  .00000000  00000+0  12222-5 0  9999
2 00205  60.0000  60.0000 0002000  90.0000  60.0000 15.24308387  9996
Satellite_500_3_6
1 00206U 00000A   23121.00000000  .00000000  00000+0  12222-5 0  9990
2 00206  60.0000  60.0000 0002000  90.0000  75.0000 15.24308387  9993
Satellite_500_3_7
1 00207U 00000A   23121.00000000  .00000000  00000+0  12222-5 0  9991
2 00207  60.0000  60.0000 0002000  90.0000  90.0000 15.24308387  9991
Satellite_500_3_8
1 00208U 00000A   23121.00000000  .00000000  00000+0  12222-5 0  9992
2 00208  60.0000  60.0000 0002000  90.0000 105.0000 15.24308387  9999
Satellite_500_3_9
1 00209U 00000A   23121.00000000  .00000000  00000+0  12222-5 0  9993
2 00209  60.0000  60.0000 0002000  90.0000 120.0000 15.24308387  9997
Satellite_500_3_10
1 00210U 00000A   23121.00000000  .00000000  00000+0  12222-5 0  9995
2 00210  60.0000  60.0000 0002000  90.0000 135.0000 15.24308387  9995
Satellite_500_3_11
1 00211U 00000A   23121.00000000  .00000000  00000+0  12222-5 0  9996
2 00211  60.0000  60.0000 0002000  90.0000 150.0000 15.24308387  9993
Satellite_500_3_12
1 00212U 00000A   23121.00000000  .00000000  00000+0  12222-5 0  9997
2 00212  60.0000  60.0000 0002000  90.0000 165.0000 15.24308387  9990
Satellite_500_3_13
1 00213U 00000A   23121.00000000  .00000000  00000+0  12222-5 0  9998
2 00213  60.0000  60.0000 0002000  90.0000 180.0000 15.24308387  9998
Satellite_500_3_14
1 00214U 00000A   23121.00000000  .00000000  00000+0  12222-5 0  9999
2 00214  60.0000  60.0000 0002000  90.0000 195.0000 15.24308387  9995
Satellite_500_3_15
1 00215U 00000A   23121.00000000  .00000000  00000+0  12222-5 0  9990
2 00215  60.0000  60.0000 0002000  90.0000 210.0000 15.24308387  9994
Satellite_500_3_16
1 00216U 00000A   23121.00000000  .00000000  00000+0  12222-5 0  9991
2 00216  60.0000  60.0000 0002000  90.0000 225.0000 15.24308387  9991
Satellite_500_3_17
1 00217U 00000A   23121.00000000  .00000000  00000+0  12222-5 0  9992
2 00217  60.0000  60.0000 0002000  90.0000 240.0000 15.24308387  9999
Satellite_500_3_18
1 00218U 00000A   23121.00000000  .00000000  00000+0  12222-5 0  9993
2 00218  60.0000  60.0000 0002000  90.0000 255.0000 15.24308387  9996
Satellite_500_3_19
1 00219U 00000A   23121.00000000  .00000000  00000+0  12222-5 0  9994
2 00219  60.0000  60.0000 0002000  90.0000 270.0000 15.24308387  9994
Satellite_500_3_20
1 00220U 00000A   23121.00000000  .00000000  00000+0  12222-5 0  9996
2 00220  60.0000  60.0000 0002000  90.0000 285.0000 15.24308387  9992
Satellite_500_3_21
1 00221U 00000A   23121.00000000  .00000000  00000+0  12222-5 0  9997
2 00221  60.0000  60.0000 0002000  90.0000 300.0000 15.24308387  9991
Satellite_500_3_22
1 00222U 00000A   23121.00000000  .00000000  00000+0  12222-5 0  9998
2 00222  60.0000  60.0000 0002000  90.0000 315.0000 15.24308387  9998
Satellite_500_3_23
1 00223U 00000A   23121.00000000  .00000000  00000+0  12222-5 0  9999
2 00223  60.0000  60.0000 0002000  90.0000 330.0000 15.24308387  9996
Satellite_500_3_24
1 00224U 00000A   23121.00000000  .00000000  00000+0  12222-5 0  9990
2 00224  60.0000  60.0000 0002000  90.0000 345.0000 15.24308387  9993
Satellite_500_4_1
1 00301U 00000A   23121.00000000  .00000000  00000+0  12222-5 0  9996
2 00301  60.0000  90.0000 0002000  82.5000   0.0000 15.24308387  9996
Satellite_500_4_2
1 00302U 00000A   23121.00000000  .00000000  00000+0  12222-5 0  9997
2 00302  60.0000  90.0000 0002000  82.5000  15.0000 15.24308387  9993
Satellite_500_4_3
1 00303U 00000A   23121.00000000  .00000000  00000+0  12222-5 0  9998
2 00303  60.0000  90.0000 0002000  82.5000  30.0000 15.24308387  9991
Satellite_500_4_4
1 00304U 00000A   23121.00000000  .00000000  00000+0  12222-5 0  9999
2 00304  60.0000  90.0000 0002000  82.5000  45.0000 15.24308387  9998
Satellite_500_4_5
1 00305U 00000A   23121.00000000  .00000000  00000+0  12222-5 0  9990
2 00305  60.0000  90.0000 0002000  82.5000  60.0000 15.24308387  9996
Satellite_500_4_6
1 00306U 00000A   23121.00000000  .00000000  00000+0  12222-5 0  9991
2 00306  60.0000  90.0000 0002000  82.5000  75.0000 15.24308387  9993
Satellite_500_4_7
1 00307U 00000A   23121.00000000  .00000000  00000+0  12222-5 0  9992
2 00307  60.0000  90.0000 0002000  82.5000  90.0000 15.24308387  9991
Satellite_500_4_8
1 00308U 00000A   23121.00000000  .00000000  00000+0  12222-5 0  9993
2 00308  60.0000  90.0000 0002000  82.5000 105.0000 15.24308387  9999
Satellite_500_4_9
1 00309U 00000A   23121.00000000  .00000000  00000+0  12222-5 0  9994
2 00309  60.0000  90.0000 0002000  82.5000 120.0000 15.24308387  9997
Satellite_500_4_10
1 00310U 00000A   23121.00000000  .00000000  00000+0  12222-5 0  9996
2 00310  60.0000  90.0000 0002000  82.5000 135.0000 15.24308387  9995
Satellite_500_4_11
1 00311U 00000A   23121.00000000  .00000000  00000+0  12222-5 0  9997
2 00311  60.0000  90.0000 0002000  82.5000 150.0000 15.24308387  9993
Satellite_500_4_12
1 00312U 00000A   23121.00000000  .00000000  00000+0  12222-5 0  9998
2 00312  60.0000  90.0000 0002000  82.5000 165.0000 15.24308387  9990
Satellite_500_4_13
1 00313U 00000A   23121.00000000  .00000000  00000+0  12222-5 0  9999
2 00313  60.0000  90.0000 0002000  82.5000 180.0000 15.24308387  9998
Satellite_500_4_14
1 00314U 00000A   23121.00000000  .00000000  00000+0  12222-5 0  9990
2 00314  60.0000  90.0000 0002000  82.5000 195.0000 15.24308387  9995
Satellite_500_4_15
1 00315U 00000A   23121.00000000  .00000000  00000+0  12222-5 0  9991
2 00315  60.0000  90.0000 0002000  82.5000 210.0000 15.24308387  9994
Satellite_500_4_16
1 00316U 00000A   23121.00000000  .00000000  00000+0  12222-5 0  9992
2 00316  60.0000  90.0000 0002000  82.5000 225.0000 15.24308387  9991
Satellite_500_4_17
1 00317U 00000A   23121.00000000  .00000000  00000+0  12222-5 0  9993
2 00317  60.0000  90.0000 0002000  82.5000 240.0000 15.24308387  9999
Satellite_500_4_18
1 00318U 00000A   23121.00000000  .00000000  00000+0  12222-5 0  9994
2 00318  60.0000  90.0000 0002000  82.5000 255.0000 15.24308387  9996
Satellite_500_4_19
1 00319U 00000A   23121.00000000  .00000000  00000+0  12222-5 0  9995
2 00319  60.0000  90.0000 0002000  82.5000 270.0000 15.24308387  9994
Satellite_500_4_20
1 00320U 00000A   23121.00000000  .00000000  00000+0  12222-5 0  9997
2 00320  60.0000  90.0000 0002000  82.5000 285.0000 15.24308387  9992
Satellite_500_4_21
1 00321U 00000A   23121.00000000  .00000000  00000+0  12222-5 0  9998
2 00321  60.0000  90.0000 0002000  82.5000 300.0000 15.24308387  9991
Satellite_500_4_22
1 00322U 00000A   23121.00000000  .00000000  00000+0  12222-5 0  9999
2 00322  60.0000  90.0000 0002000  82.5000 315.0000 15.24308387  9998
Satellite_500_4_23
1 00323U 00000A   23121.00000000  .00000000  00000+0  12222-5 0  9990
2 00323  60.0000  90.0000 0002000  82.5000 330.0000 15.24308387  9996
Satellite_500_4_24
1 00324U 00000A   23121.00000000  .00000000  00000+0  12222-5 0  9991
2 00324  60.0000  90.0000 0002000  82.5000 345.0000 15.24308387  9993
Satellite_500_5_1
1 00401U 00000A   23121.00000000  .00000000  00000+0  12222-5 0  9997
2 00401  60.0000 120.0000 0002000  90.0000   0.0000 15.24308387  9995
Satellite_500_5_2
1 00402U 00000A   23121.00000000  .00000000  00000+0  12222-5 0  9998
2 00402  60.0000 120.0000 0002000  90.0000  15.0000 15.24308387  9992
Satellite_500_5_3
1 00403U 00000A   23121.00000000  .00000000  00000+0  12222-5 0  9999
2 00403  60.0000 120.0000 0002000  90.0000  30.0000 15.24308387  9990
Satellite_500_5_4
1 00404U 00000A   23121.00000000  .00000000  00000+0  12222-5 0  9990
2 00404  60.0000 120.0000 0002000  90.0000  45.0000 15.24308387  9997
Satellite_500_5_5
1 00405U 00000A   23121.00000000  .00000000  00000+0  12222-5 0  9991
2 00405  60.0000 120.0000 0002000  90.0000  60.0000 15.24308387  9995
Satellite_500_5_6
1 00406U 00000A   23121.00000000  .00000000  00000+0  12222-5 0  9992
2 00406  60.0000 120.0000 0002000  90.0000  75.0000 15.24308387  9992
Satellite_500_5_7
1 00407U 00000A   23121.00000000  .00000000  00000+0  12222-5 0  9993
2 00407  60.0000 120.0000 0002000  90.0000  90.0000 15.24308387  9990
Satellite_500_5_8
1 00408U 00000A   23121.00000000  .00000000  00000+0  12222-5 0  9994
2 00408  60.0000 120.0000 0002000  90.0000 105.0000 15.24308387  9998
Satellite_500_5_9
1 00409U 00000A   23121.00000000  .00000000  00000+0  12222-5 0  9995
2 00409  60.0000 120.0000 0002000  90.0000 120.0000 15.24308387  9996
Satellite_500_5_10
1 00410U 00000A   23121.00000000  .00000000  00000+0  12222-5 0  9997
2 00410  60.0000 120.0000 0002000  90.0000 135.0000 15.24308387  9994
Satellite_500_5_11
1 00411U 00000A   23121.00000000  .00000000  00000+0  12222-5 0  9998
2 00411  60.0000 120.0000 0002000  90.0000 150.0000 15.24308387  9992
Satellite_500_5_12
1 00412U 00000A   23121.00000000  .00000000  00000+0  12222-5 0  9999
2 00412  60.0000 120.0000 0002000  90.0000 165.0000 15.24308387  9999
Satellite_500_5_13
1 00413U 00000A   23121.00000000  .00000000  00000+0  12222-5 0  9990
2 00413  60.0000 120.0000 0002000  90.0000 180.0000 15.24308387  9997
Satellite_500_5_14
1 00414U 00000A   23121.00000000  .00000000  00000+0  12222-5 0  9991
2 00414  60.0000 120.0000 0002000  90.0000 195.0000 15.24308387  9994
Satellite_500_5_15
1 00415U 00000A   23121.00000000  .00000000  00000+0  12222-5 0  9992
2 00415  60.0000 120.0000 0002000  90.0000 210.0000 15.24308387  9993
Satellite_500_5_16
1 00416U 00000A   23121.00000000  .00000000  00000+0  12222-5 0  9993
2 00416  60.0000 120.0000 0002000  90.0000 225.0000 15.24308387  9990
Satellite_500_5_17
1 00417U 00000A   23121.00000000  .00000000  00000+0  12222-5 0  9994
2 00417  60.0000 120.0000 0002000  90.0000 240.0000 15.24308387  9998
Satellite_500_5_18
1 00418U 00000A   23121.00000000  .00000000  00000+0  12222-5 0  9995
2 00418  60.0000 120.0000 0002000  90.0000 255.0000 15.24308387  9995
Satellite_500_5_19
1 00419U 00000A   23121.00000000  .00000000  00000+0  12222-5 0  9996
2 00419  60.0000 120.0000 0002000  90.0000 270.0000 15.24308387  9993
Satellite_500_5_20
1 00420U 00000A   23121.00000000  .00000000  00000+0  12222-5 0  9998
2 00420  60.0000 120.0000 0002000  90.0000 285.0000 15.24308387  9991
Satellite_500_5_21
1 00421U 00000A   23121.00000000  .00000000  00000+0  12222-5 0  9999
2 00421  60.0000 120.0000 0002000  90.0000 300.0000 15.24308387  9990
Satellite_500_5_22
1 00422U 00000A   23121.00000000  .00000000  00000+0  12222-5 0  9990
2 00422  60.0000 120.0000 0002000  90.0000 315.0000 15.24308387  9997
Satellite_500_5_23
1 00423U 00000A   23121.00000000  .00000000  00000+0  12222-5 0  9991
2 00423  60.0000 120.0000 0002000  90.0000 330.0000 15.24308387  9995
Satellite_500_5_24
1 00424U 00000A   23121.00000000  .00000000  00000+0  12222-5 0  9992
2 00424  60.0000 120.0000 0002000  90.0000 345.0000 15.24308387  9992
Satellite_500_6_1
1 00501U 00000A   23121.00000000  .00000000  00000+0  12222-5 0  9998
2 00501  60.0000 150.0000 0002000  82.5000   0.0000 15.24308387  9995
Satellite_500_6_2
1 00502U 00000A   23121.00000000  .00000000  00000+0  12222-5 0  9999
2 00502  60.0000 150.0000 0002000  82.5000  15.0000 15.24308387  9992
Satellite_500_6_3
1 00503U 00000A   23121.00000000  .00000000  00000+0  12222-5 0  9990
2 00503  60.0000 150.0000 0002000  82.5000  30.0000 15.24308387  9990
Satellite_500_6_4
1 00504U 00000A   23121.00000000  .00000000  00000+0  12222-5 0  9991
2 00504  60.0000 150.0000 0002000  82.5000  45.0000 15.24308387  9997
Satellite_500_6_5
1 00505U 00000A   23121.00000000  .00000000  00000+0  12222-5 0  9992
2 00505  60.0000 150.0000 0002000  82.5000  60.0000 15.24308387  9995
Satellite_500_6_6
1 00506U 00000A   23121.00000000  .00000000  00000+0  12222-5 0  9993
2 00506  60.0000 150.0000 0002000  82.5000  75.0000 15.24308387  9992
Satellite_500_6_7
1 00507U 00000A   23121.00000000  .00000000  00000+0  12222-5 0  9994
2 00507  60.0000 150.0000 0002000  82.5000  90.0000 15.24308387  9990
Satellite_500_6_8
1 00508U 00000A   23121.00000000  .00000000  00000+0  12222-5 0  9995
2 00508  60.0000 150.0000 0002000  82.5000 105.0000 15.24308387  9998
Satellite_500_6_9
1 00509U 00000A   23121.00000000  .00000000  00000+0  12222-5 0  9996
2 00509  60.0000 150.0000 0002000  82.5000 120.0000 15.24308387  9996
Satellite_500_6_10
1 00510U 00000A   23121.00000000  .00000000  00000+0  12222-5 0  9998
2 00510  60.0000 150.0000 0002000  82.5000 135.0000 15.24308387  9994
Satellite_500_6_11
1 00511U 00000A   23121.00000000  .00000000  00000+0  12222-5 0  9999
2 00511  60.0000 150.0000 0002000  82.5000 150.0000 15.24308387  9992
Satellite_500_6_12
1 00512U 00000A   23121.00000000  .00000000  00000+0  12222-5 0  9990
2 00512  60.0000 150.0000 0002000  82.5000 165.0000 15.24308387  9999
Satellite_500_6_13
1 00513U 00000A   23121.00000000  .00000000  00000+0  12222-5 0  9991
2 00513  60.0000 150.0000 0002000  82.5000 180.0000 15.24308387  9997
Satellite_500_6_14
1 00514U 00000A   23121.00000000  .00000000  00000+0  12222-5 0  9992
2 00514  60.0000 150.0000 0002000  82.5000 195.0000 15.24308387  9994
Satellite_500_6_15
1 00515U 00000A   23121.00000000  .00000000  00000+0  12222-5 0  9993
2 00515  60.0000 150.0000 0002000  82.5000 210.0000 15.24308387  9993
Satellite_500_6_16
1 00516U 00000A   23121.00000000  .00000000  00000+0  12222-5 0  9994
2 00516  60.0000 150.0000 0002000  82.5000 225.0000 15.24308387  9990
Satellite_500_6_17
1 00517U 00000A   23121.00000000  .00000000  00000+0  12222-5 0  9995
2 00517  60.0000 150.0000 0002000  82.5000 240.0000 15.24308387  9998
Satellite_500_6_18
1 00518U 00000A   23121.00000000  .00000000  00000+0  12222-5 0  9996
2 00518  60.0000 150.0000 0002000  82.5000 255.0000 15.24308387  9995
Satellite_500_6_19
1 00519U 00000A   23121.00000000  .00000000  00000+0  12222-5 0  9997
2 00519  60.0000 150.0000 0002000  82.5000 270.0000 15.24308387  9993
Satellite_500_6_20
1 00520U 00000A   23121.00000000  .00000000  00000+0  12222-5 0  9999
2 00520  60.0000 150.0000 0002000  82.5000 285.0000 15.24308387  9991
Satellite_500_6_21
1 00521U 00000A   23121.00000000  .00000000  00000+0  12222-5 0  9990
2 00521  60.0000 150.0000 0002000  82.5000 300.0000 15.24308387  9990
Satellite_500_6_22
1 00522U 00000A   23121.00000000  .00000000  00000+0  12222-5 0  9991
2 00522  60.0000 150.0000 0002000  82.5000 315.0000 15.24308387  9997
Satellite_500_6_23
1 00523U 00000A   23121.00000000  .00000000  00000+0  12222-5 0  9992
2 00523  60.0000 150.0000 0002000  82.5000 330.0000 15.24308387  9995
Satellite_500_6_24
1 00524U 00000A   23121.00000000  .00000000  00000+0  12222-5 0  9993
2 00524  60.0000 150.0000 0002000  82.5000 345.0000 15.24308387  9992
Satellite_500_7_1
1 00601U 00000A   23121.00000000  .00000000  00000+0  12222-5 0  9999
2 00601  60.0000 180.0000 0002000  90.0000   0.0000 15.24308387  9993
Satellite_500_7_2
1 00602U 00000A   23121.00000000  .00000000  00000+0  12222-5 0  9990
2 00602  60.0000 180.0000 0002000  90.0000  15.0000 15.24308387  9990
Satellite_500_7_3
1 00603U 00000A   23121.00000000  .00000000  00000+0  12222-5 0  9991
2 00603  60.0000 180.0000 0002000  90.0000  30.0000 15.24308387  9998
Satellite_500_7_4
1 00604U 00000A   23121.00000000  .00000000  00000+0  12222-5 0  9992
2 00604  60.0000 180.0000 0002000  90.0000  45.0000 15.24308387  9995
Satellite_500_7_5
1 00605U 00000A   23121.00000000  .00000000  00000+0  12222-5 0  9993
2 00605  60.0000 180.0000 0002000  90.0000  60.0000 15.24308387  9993
Satellite_500_7_6
1 00606U 00000A   23121.00000000  .00000000  00000+0  12222-5 0  9994
2 00606  60.0000 180.0000 0002000  90.0000  75.0000 15.24308387  9990
Satellite_500_7_7
1 00607U 00000A   23121.00000000  .00000000  00000+0  12222-5 0  9995
2 00607  60.0000 180.0000 0002000  90.0000  90.0000 15.24308387  9998
Satellite_500_7_8
1 00608U 00000A   23121.00000000  .00000000  00000+0  12222-5 0  9996
2 00608  60.0000 180.0000 0002000  90.0000 105.0000 15.24308387  9996
Satellite_500_7_9
1 00609U 00000A   23121.00000000  .00000000  00000+0  12222-5 0  9997
2 00609  60.0000 180.0000 0002000  90.0000 120.0000 15.24308387  9994
Satellite_500_7_10
1 00610U 00000A   23121.00000000  .00000000  00000+0  12222-5 0  9999
2 00610  60.0000 180.0000 0002000  90.0000 135.0000 15.24308387  9992
Satellite_500_7_11
1 00611U 00000A   23121.00000000  .00000000  00000+0  12222-5 0  9990
2 00611  60.0000 180.0000 0002000  90.0000 150.0000 15.24308387  9990
Satellite_500_7_12
1 00612U 00000A   23121.00000000  .00000000  00000+0  12222-5 0  9991
2 00612  60.0000 180.0000 0002000  90.0000 165.0000 15.24308387  9997
Satellite_500_7_13
1 00613U 00000A   23121.00000000  .00000000  00000+0  12222-5 0  9992
2 00613  60.0000 180.0000 0002000  90.0000 180.0000 15.24308387  9995
Satellite_500_7_14
1 00614U 00000A   23121.00000000  .00000000  00000+0  12222-5 0  9993
2 00614  60.0000 180.0000 0002000  90.0000 195.0000 15.24308387  9992
Satellite_500_7_15
1 00615U 00000A   23121.00000000  .00000000  00000+0  12222-5 0  9994
2 00615  60.0000 180.0000 0002000  90.0000 210.0000 15.24308387  9991
Satellite_500_7_16
1 00616U 00000A   23121.00000000  .00000000  00000+0  12222-5 0  9995
2 00616  60.0000 180.0000 0002000  90.0000 225.0000 15.24308387  9998
Satellite_500_7_17
1 00617U 00000A   23121.00000000  .00000000  00000+0  12222-5 0  9996
2 00617  60.0000 180.0000 0002000  90.0000 240.0000 15.24308387  9996
Satellite_500_7_18
1 00618U 00000A   23121.00000000  .00000000  00000+0  12222-5 0  9997
2 00618  60.0000 180.0000 0002000  90.0000 255.0000 15.24308387  9993
Satellite_500_7_19
1 00619U 00000A   23121.00000000  .00000000  00000+0  12222-5 0  9998
2 00619  60.0000 180.0000 0002000  90.0000 270.0000 15.24308387  9991
Satellite_500_7_20
1 00620U 00000A   23121.00000000  .00000000  00000+0  12222-5 0  9990
2 00620  60.0000 180.0000 0002000  90.0000 285.0000 15.24308387  9999
Satellite_500_7_21
1 00621U 00000A   23121.00000000  .00000000  00000+0  12222-5 0  9991
2 00621  60.0000 180.0000 0002000  90.0000 300.0000 15.24308387  9998
Satellite_500_7_22
1 00622U 00000A   23121.00000000  .00000000  00000+0  12222-5 0  9992
2 00622  60.0000 180.0000 0002000  90.0000 315.0000 15.24308387  9995
Satellite_500_7_23
1 00623U 00000A   23121.00000000  .00000000  00000+0  12222-5 0  9993
2 00623  60.0000 180.0000 0002000  90.0000 330.0000 15.24308387  9993
Satellite_500_7_24
1 00624U 00000A   23121.00000000  .00000000  00000+0  12222-5 0  9994
2 00624  60.0000 180.0000 0002000  90.0000 345.0000 15.24308387  9990
Satellite_500_8_1
1 00701U 00000A   23121.00000000  .00000000  00000+0  12222-5 0  9990
2 00701  60.0000 210.0000 0002000  82.5000   0.0000 15.24308387  9994
Satellite_500_8_2
1 00702U 00000A   23121.00000000  .00000000  00000+0  12222-5 0  9991
2 00702  60.0000 210.0000 0002000  82.5000  15.0000 15.24308387  9991
Satellite_500_8_3
1 00703U 00000A   23121.00000000  .00000000  00000+0  12222-5 0  9992
2 00703  60.0000 210.0000 0002000  82.5000  30.0000 15.24308387  9999
Satellite_500_8_4
1 00704U 00000A   23121.00000000  .00000000  00000+0  12222-5 0  9993
2 00704  60.0000 210.0000 0002000  82.5000  45.0000 15.24308387  9996
Satellite_500_8_5
1 00705U 00000A   23121.00000000  .00000000  00000+0  12222-5 0  9994
2 00705  60.0000 210.0000 0002000  82.5000  60.0000 15.24308387  9994
Satellite_500_8_6
1 00706U 00000A   23121.00000000  .00000000  00000+0  12222-5 0  9995
2 00706  60.0000 210.0000 0002000  82.5000  75.0000 15.24308387  9991
Satellite_500_8_7
1 00707U 00000A   23121.00000000  .00000000  00000+0  12222-5 0  9996
2 00707  60.0000 210.0000 0002000  82.5000  90.0000 15.24308387  9999
Satellite_500_8_8
1 00708U 00000A   23121.00000000  .00000000  00000+0  12222-5 0  9997
2 00708  60.0000 210.0000 0002000  82.5000 105.0000 15.24308387  9997
Satellite_500_8_9
1 00709U 00000A   23121.00000000  .00000000  00000+0  12222-5 0  9998
2 00709  60.0000 210.0000 0002000  82.5000 120.0000 15.24308387  9995
Satellite_500_8_10
1 00710U 00000A   23121.00000000  .00000000  00000+0  12222-5 0  9990
2 00710  60.0000 210.0000 0002000  82.5000 135.0000 15.24308387  9993
Satellite_500_8_11
1 00711U 00000A   23121.00000000  .00000000  00000+0  12222-5 0  9991
2 00711  60.0000 210.0000 0002000  82.5000 150.0000 15.24308387  9991
Satellite_500_8_12
1 00712U 00000A   23121.00000000  .00000000  00000+0  12222-5 0  9992
2 00712  60.0000 210.0000 0002000  82.5000 165.0000 15.24308387  9998
Satellite_500_8_13
1 00713U 00000A   23121.00000000  .00000000  00000+0  12222-5 0  9993
2 00713  60.0000 210.0000 0002000  82.5000 180.0000 15.24308387  9996
Satellite_500_8_14
1 00714U 00000A   23121.00000000  .00000000  00000+0  12222-5 0  9994
2 00714  60.0000 210.0000 0002000  82.5000 195.0000 15.24308387  9993
Satellite_500_8_15
1 00715U 00000A   23121.00000000  .00000000  00000+0  12222-5 0  9995
2 00715  60.0000 210.0000 0002000  82.5000 210.0000 15.24308387  9992
Satellite_500_8_16
1 00716U 00000A   23121.00000000  .00000000  00000+0  12222-5 0  9996
2 00716  60.0000 210.0000 0002000  82.5000 225.0000 15.24308387  9999
Satellite_500_8_17
1 00717U 00000A   23121.00000000  .00000000  00000+0  12222-5 0  9997
2 00717  60.0000 210.0000 0002000  82.5000 240.0000 15.24308387  9997
Satellite_500_8_18
1 00718U 00000A   23121.00000000  .00000000  00000+0  12222-5 0  9998
2 00718  60.0000 210.0000 0002000  82.5000 255.0000 15.24308387  9994
Satellite_500_8_19
1 00719U 00000A   23121.00000000  .00000000  00000+0  12222-5 0  9999
2 00719  60.0000 210.0000 0002000  82.5000 270.0000 15.24308387  9992
Satellite_500_8_20
1 00720U 00000A   23121.00000000  .00000000  00000+0  12222-5 0  9991
2 00720  60.0000 210.0000 0002000  82.5000 285.0000 15.24308387  9990
Satellite_500_8_21
1 00721U 00000A   23121.00000000  .00000000  00000+0  12222-5 0  9992
2 00721  60.0000 210.0000 0002000  82.5000 300.0000 15.24308387  9999
Satellite_500_8_22
1 00722U 00000A   23121.00000000  .00000000  00000+0  12222-5 0  9993
2 00722  60.0000 210.0000 0002000  82.5000 315.0000 15.24308387  9996
Satellite_500_8_23
1 00723U 00000A   23121.00000000  .00000000  00000+0  12222-5 0  9994
2 00723  60.0000 210.0000 0002000  82.5000 330.0000 15.24308387  9994
Satellite_500_8_24
1 00724U 00000A   23121.00000000  .00000000  00000+0  12222-5 0  9995
2 00724  60.0000 210.0000 0002000  82.5000 345.0000 15.24308387  9991
Satellite_500_9_1
1 00801U 00000A   23121.00000000  .00000000  00000+0  12222-5 0  9991
2 00801  60.0000 240.0000 0002000  90.0000   0.0000 15.24308387  9992
Satellite_500_9_2
1 00802U 00000A   23121.00000000  .00000000  00000+0  12222-5 0  9992
2 00802  60.0000 240.0000 0002000  90.0000  15.0000 15.24308387  9999
Satellite_500_9_3
1 00803U 00000A   23121.00000000  .00000000  00000+0  12222-5 0  9993
2 00803  60.0000 240.0000 0002000  90.0000  30.0000 15.24308387  9997
Satellite_500_9_4
1 00804U 00000A   23121.00000000  .00000000  00000+0  12222-5 0  9994
2 00804  60.0000 240.0000 0002000  90.0000  45.0000 15.24308387  9994
Satellite_500_9_5
1 00805U 00000A   23121.00000000  .00000000  00000+0  12222-5 0  9995
2 00805  60.0000 240.0000 0002000  90.0000  60.0000 15.24308387  9992
Satellite_500_9_6
1 00806U 00000A   23121.00000000  .00000000  00000+0  12222-5 0  9996
2 00806  60.0000 240.0000 0002000  90.0000  75.0000 15.24308387  9999
Satellite_500_9_7
1 00807U 00000A   23121.00000000  .00000000  00000+0  12222-5 0  9997
2 00807  60.0000 240.0000 0002000  90.0000  90.0000 15.24308387  9997
Satellite_500_9_8
1 00808U 00000A   23121.00000000  .00000000  00000+0  12222-5 0  9998
2 00808  60.0000 240.0000 0002000  90.0000 105.0000 15.24308387  9995
Satellite_500_9_9
1 00809U 00000A   23121.00000000  .00000000  00000+0  12222-5 0  9999
2 00809  60.0000 240.0000 0002000  90.0000 120.0000 15.24308387  9993
Satellite_500_9_10
1 00810U 00000A   23121.00000000  .00000000  00000+0  12222-5 0  9991
2 00810  60.0000 240.0000 0002000  90.0000 135.0000 15.24308387  9991
Satellite_500_9_11
1 00811U 00000A   23121.00000000  .00000000  00000+0  12222-5 0  9992
2 00811  60.0000 240.0000 0002000  90.0000 150.0000 15.24308387  9999
Satellite_500_9_12
1 00812U 00000A   23121.00000000  .00000000  00000+0  12222-5 0  9993
2 00812  60.0000 240.0000 0002000  90.0000 165.0000 15.24308387  9996
Satellite_500_9_13
1 00813U 00000A   23121.00000000  .00000000  00000+0  12222-5 0  9994
2 00813  60.0000 240.0000 0002000  90.0000 180.0000 15.24308387  9994
Satellite_500_9_14
1 00814U 00000A   23121.00000000  .00000000  00000+0  12222-5 0  9995
2 00814  60.0000 240.0000 0002000  90.0000 195.0000 15.24308387  9991
Satellite_500_9_15
1 00815U 00000A   23121.00000000  .00000000  00000+0  12222-5 0  9996
2 00815  60.0000 240.0000 0002000  90.0000 210.0000 15.24308387  9990
Satellite_500_9_16
1 00816U 00000A   23121.00000000  .00000000  00000+0  12222-5 0  9997
2 00816  60.0000 240.0000 0002000  90.0000 225.0000 15.24308387  9997
Satellite_500_9_17
1 00817U 00000A   23121.00000000  .00000000  00000+0  12222-5 0  9998
2 00817  60.0000 240.0000 0002000  90.0000 240.0000 15.24308387  9995
Satellite_500_9_18
1 00818U 00000A   23121.00000000  .00000000  00000+0  12222-5 0  9999
2 00818  60.0000 240.0000 0002000  90.0000 255.0000 15.24308387  9992
Satellite_500_9_19
1 00819U 00000A   23121.00000000  .00000000  00000+0  12222-5 0  9990
2 00819  60.0000 240.0000 0002000  90.0000 270.0000 15.24308387  9990
Satellite_500_9_20
1 00820U 00000A   23121.00000000  .00000000  00000+0  12222-5 0  9992
2 00820  60.0000 240.0000 0002000  90.0000 285.0000 15.24308387  9998
Satellite_500_9_21
1 00821U 00000A   23121.00000000  .00000000  00000+0  12222-5 0  9993
2 00821  60.0000 240.0000 0002000  90.0000 300.0000 15.24308387  9997
Satellite_500_9_22
1 00822U 00000A   23121.00000000  .00000000  00000+0  12222-5 0  9994
2 00822  60.0000 240.0000 0002000  90.0000 315.0000 15.24308387  9994
Satellite_500_9_23
1 00823U 00000A   23121.00000000  .00000000  00000+0  12222-5 0  9995
2 00823  60.0000 240.0000 0002000  90.0000 330.0000 15.24308387  9992
Satellite_500_9_24
1 00824U 00000A   23121.00000000  .00000000  00000+0  12222-5 0  9996
2 00824  60.0000 240.0000 0002000  90.0000 345.0000 15.24308387  9999
Satellite_500_10_1
1 00901U 00000A   23121.00000000  .00000000  00000+0  12222-5 0  9992
2 00901  60.0000 270.0000 0002000  82.5000   0.0000 15.24308387  9992
Satellite_500_10_2
1 00902U 00000A   23121.00000000  .00000000  00000+0  12222-5 0  9993
2 00902  60.0000 270.0000 0002000  82.5000  15.0000 15.24308387  9999
Satellite_500_10_3
1 00903U 00000A   23121.00000000  .00000000  00000+0  12222-5 0  9994
2 00903  60.0000 270.0000 0002000  82.5000  30.0000 15.24308387  9997
Satellite_500_10_4
1 00904U 00000A   23121.00000000  .00000000  00000+0  12222-5 0  9995
2 00904  60.0000 270.0000 0002000  82.5000  45.0000 15.24308387  9994
Satellite_500_10_5
1 00905U 00000A   23121.00000000  .00000000  00000+0  12222-5 0  9996
2 00905  60.0000 270.0000 0002000  82.5000  60.0000 15.24308387  9992
Satellite_500_10_6
1 00906U 00000A   23121.00000000  .00000000  00000+0  12222-5 0  9997
2 00906  60.0000 270.0000 0002000  82.5000  75.0000 15.24308387  9999
Satellite_500_10_7
1 00907U 00000A   23121.00000000  .00000000  00000+0  12222-5 0  9998
2 00907  60.0000 270.0000 0002000  82.5000  90.0000 15.24308387  9997
Satellite_500_10_8
1 00908U 00000A   23121.00000000  .00000000  00000+0  12222-5 0  9999
2 00908  60.0000 270.0000 0002000  82.5000 105.0000 15.24308387  9995
Satellite_500_10_9
1 00909U 00000A   23121.00000000  .00000000  00000+0  12222-5 0  9990
2 00909  60.0000 270.0000 0002000  82.5000 120.0000 15.24308387  9993
Satellite_500_10_10
1 00910U 00000A   23121.00000000  .00000000  00000+0  12222-5 0  9992
2 00910  60.0000 270.0000 0002000  82.5000 135.0000 15.24308387  9991
Satellite_500_10_11
1 00911U 00000A   23121.00000000  .00000000  00000+0  12222-5 0  9993
2 00911  60.0000 270.0000 0002000  82.5000 150.0000 15.24308387  9999
Satellite_500_10_12
1 00912U 00000A   23121.00000000  .00000000  00000+0  12222-5 0  9994
2 00912  60.0000 270.0000 0002000  82.5000 165.0000 15.24308387  9996
Satellite_500_10_13
1 00913U 00000A   23121.00000000  .00000000  00000+0  12222-5 0  9995
2 00913  60.0000 270.0000 0002000  82.5000 180.0000 15.24308387  9994
Satellite_500_10_14
1 00914U 00000A   23121.00000000  .00000000  00000+0  12222-5 0  9996
2 00914  60.0000 270.0000 0002000  82.5000 195.0000 15.24308387  9991
Satellite_500_10_15
1 00915U 00000A   23121.00000000  .00000000  00000+0  12222-5 0  9997
2 00915  60.0000 270.0000 0002000  82.5000 210.0000 15.24308387  9990
Satellite_500_10_16
1 00916U 00000A   23121.00000000  .00000000  00000+0  12222-5 0  9998
2 00916  60.0000 270.0000 0002000  82.5000 225.0000 15.24308387  9997
Satellite_500_10_17
1 00917U 00000A   23121.00000000  .00000000  00000+0  12222-5 0  9999
2 00917  60.0000 270.0000 0002000  82.5000 240.0000 15.24308387  9995
Satellite_500_10_18
1 00918U 00000A   23121.00000000  .00000000  00000+0  12222-5 0  9990
2 00918  60.0000 270.0000 0002000  82.5000 255.0000 15.24308387  9992
Satellite_500_10_19
1 00919U 00000A   23121.00000000  .00000000  00000+0  12222-5 0  9991
2 00919  60.0000 270.0000 0002000  82.5000 270.0000 15.24308387  9990
Satellite_500_10_20
1 00920U 00000A   23121.00000000  .00000000  00000+0  12222-5 0  9993
2 00920  60.0000 270.0000 0002000  82.5000 285.0000 15.24308387  9998
Satellite_500_10_21
1 00921U 00000A   23121.00000000  .00000000  00000+0  12222-5 0  9994
2 00921  60.0000 270.0000 0002000  82.5000 300.0000 15.24308387  9997
Satellite_500_10_22
1 00922U 00000A   23121.00000000  .00000000  00000+0  12222-5 0  9995
2 00922  60.0000 270.0000 0002000  82.5000 315.0000 15.24308387  9994
Satellite_500_10_23
1 00923U 00000A   23121.00000000  .00000000  00000+0  12222-5 0  9996
2 00923  60.0000 270.0000 0002000  82.5000 330.0000 15.24308387  9992
Satellite_500_10_24
1 00924U 00000A   23121.00000000  .00000000  00000+0  12222-5 0  9997
2 00924  60.0000 270.0000 0002000  82.5000 345.0000 15.24308387  9999
Satellite_500_11_1
1 01001U 00000A   23121.00000000  .00000000  00000+0  12222-5 0  9994
2 01001  60.0000 300.0000 0002000  90.0000   0.0000 15.24308387  9992
Satellite_500_11_2
1 01002U 00000A   23121.00000000  .00000000  00000+0  12222-5 0  9995
2 01002  60.0000 300.0000 0002000  90.0000  15.0000 15.24308387  9999
Satellite_500_11_3
1 01003U 00000A   23121.00000000  .00000000  00000+0  12222-5 0  9996
2 01003  60.0000 300.0000 0002000  90.0000  30.0000 15.24308387  9997
Satellite_500_11_4
1 01004U 00000A   23121.00000000  .00000000  00000+0  12222-5 0  9997
2 01004  60.0000 300.0000 0002000  90.0000  45.0000 15.24308387  9994
Satellite_500_11_5
1 01005U 00000A   23121.00000000  .00000000  00000+0  12222-5 0  9998
2 01005  60.0000 300.0000 0002000  90.0000  60.0000 15.24308387  9992
Satellite_500_11_6
1 01006U 00000A   23121.00000000  .00000000  00000+0  12222-5 0  9999
2 01006  60.0000 300.0000 0002000  90.0000  75.0000 15.24308387  9999
Satellite_500_11_7
1 01007U 00000A   23121.00000000  .00000000  00000+0  12222-5 0  9990
2 01007  60.0000 300.0000 0002000  90.0000  90.0000 15.24308387  9997
Satellite_500_11_8
1 01008U 00000A   23121.00000000  .00000000  00000+0  12222-5 0  9991
2 01008  60.0000 300.0000 0002000  90.0000 105.0000 15.24308387  9995
Satellite_500_11_9
1 01009U 00000A   23121.00000000  .00000000  00000+0  12222-5 0  9992
2 01009  60.0000 300.0000 0002000  90.0000 120.0000 15.24308387  9993
Satellite_500_11_10
1 01010U 00000A   23121.00000000  .00000000  00000+0  12222-5 0  9994
2 01010  60.0000 300.0000 0002000  90.0000 135.0000 15.24308387  9991
Satellite_500_11_11
1 01011U 00000A   23121.00000000  .00000000  00000+0  12222-5 0  9995
2 01011  60.0000 300.0000 0002000  90.0000 150.0000 15.24308387  9999
Satellite_500_11_12
1 01012U 00000A   23121.00000000  .00000000  00000+0  12222-5 0  9996
2 01012  60.0000 300.0000 0002000  90.0000 165.0000 15.24308387  9996
Satellite_500_11_13
1 01013U 00000A   23121.00000000  .00000000  00000+0  12222-5 0  9997
2 01013  60.0000 300.0000 0002000  90.0000 180.0000 15.24308387  9994
Satellite_500_11_14
1 01014U 00000A   23121.00000000  .00000000  00000+0  12222-5 0  9998
2 01014  60.0000 300.0000 0002000  90.0000 195.0000 15.24308387  9991
Satellite_500_11_15
1 01015U 00000A   23121.00000000  .00000000  00000+0  12222-5 0  9999
2 01015  60.0000 300.0000 0002000  90.0000 210.0000 15.24308387  9990
Satellite_500_11_16
1 01016U 00000A   23121.00000000  .00000000  00000+0  12222-5 0  9990
2 01016  60.0000 300.0000 0002000  90.0000 225.0000 15.24308387  9997
Satellite_500_11_17
1 01017U 00000A   23121.00000000  .00000000  00000+0  12222-5 0  9991
2 01017  60.0000 300.0000 0002000  90.0000 240.0000 15.24308387  9995
Satellite_500_11_18
1 01018U 00000A   23121.00000000  .00000000  00000+0  12222-5 0  9992
2 01018  60.0000 300.0000 0002000  90.0000 255.0000 15.24308387  9992
Satellite_500_11_19
1 01019U 00000A   23121.00000000  .00000000  00000+0  12222-5 0  9993
2 01019  60.0000 300.0000 0002000  90.0000 270.0000 15.24308387  9990
Satellite_500_11_20
1 01020U 00000A   23121.00000000  .00000000  00000+0  12222-5 0  9995
2 01020  60.0000 300.0000 0002000  90.0000 285.0000 15.24308387  9998
Satellite_500_11_21
1 01021U 00000A   23121.00000000  .00000000  00000+0  12222-5 0  9996
2 01021  60.0000 300.0000 0002000  90.0000 300.0000 15.24308387  9997
Satellite_500_11_22
1 01022U 00000A   23121.00000000  .00000000  00000+0  12222-5 0  9997
2 01022  60.0000 300.0000 0002000  90.0000 315.0000 15.24308387  9994
Satellite_500_11_23
1 01023U 00000A   23121.00000000  .00000000  00000+0  12222-5 0  9998
2 01023  60.0000 300.0000 0002000  90.0000 330.0000 15.24308387  9992
Satellite_500_11_24
1 01024U 00000A   23121.00000000  .00000000  00000+0  12222-5 0  9999
2 01024  60.0000 300.0000 0002000  90.0000 345.0000 15.24308387  9999
Satellite_500_12_1
1 01101U 00000A   23121.00000000  .00000000  00000+0  12222-5 0  9995
2 01101  60.0000 330.0000 0002000  82.5000   0.0000 15.24308387  9992
Satellite_500_12_2
1 01102U 00000A   23121.00000000  .00000000  00000+0  12222-5 0  9996
2 01102  60.0000 330.0000 0002000  82.5000  15.0000 15.24308387  9999
Satellite_500_12_3
1 01103U 00000A   23121.00000000  .00000000  00000+0  12222-5 0  9997
2 01103  60.0000 330.0000 0002000  82.5000  30.0000 15.24308387  9997
Satellite_500_12_4
1 01104U 00000A   23121.00000000  .00000000  00000+0  12222-5 0  9998
2 01104  60.0000 330.0000 0002000  82.5000  45.0000 15.24308387  9994
Satellite_500_12_5
1 01105U 00000A   23121.00000000  .00000000  00000+0  12222-5 0  9999
2 01105  60.0000 330.0000 0002000  82.5000  60.0000 15.24308387  9992
Satellite_500_12_6
1 01106U 00000A   23121.00000000  .00000000  00000+0  12222-5 0  9990
2 01106  60.0000 330.0000 0002000  82.5000  75.0000 15.24308387  9999
Satellite_500_12_7
1 01107U 00000A   23121.00000000  .00000000  00000+0  12222-5 0  9991
2 01107  60.0000 330.0000 0002000  82.5000  90.0000 15.24308387  9997
Satellite_500_12_8
1 01108U 00000A   23121.00000000  .00000000  00000+0  12222-5 0  9992
2 01108  60.0000 330.0000 0002000  82.5000 105.0000 15.24308387  9995
Satellite_500_12_9
1 01109U 00000A   23121.00000000  .00000000  00000+0  12222-5 0  9993
2 01109  60.0000 330.0000 0002000  82.5000 120.0000 15.24308387  9993
Satellite_500_12_10
1 01110U 00000A   23121.00000000  .00000000  00000+0  12222-5 0  9995
2 01110  60.0000 330.0000 0002000  82.5000 135.0000 15.24308387  9991
Satellite_500_12_11
1 01111U 00000A   23121.00000000  .00000000  00000+0  12222-5 0  9996
2 01111  60.0000 330.0000 0002000  82.5000 150.0000 15.24308387  9999
Satellite_500_12_12
1 01112U 00000A   23121.00000000  .00000000  00000+0  12222-5 0  9997
2 01112  60.0000 330.0000 0002000  82.5000 165.0000 15.24308387  9996
Satellite_500_12_13
1 01113U 00000A   23121.00000000  .00000000  00000+0  12222-5 0  9998
2 01113  60.0000 330.0000 0002000  82.5000 180.0000 15.24308387  9994
Satellite_500_12_14
1 01114U 00000A   23121.00000000  .00000000  00000+0  12222-5 0  9999
2 01114  60.0000 330.0000 0002000  82.5000 195.0000 15.24308387  9991
Satellite_500_12_15
1 01115U 00000A   23121.00000000  .00000000  00000+0  12222-5 0  9990
2 01115  60.0000 330.0000 0002000  82.5000 210.0000 15.24308387  9990
Satellite_500_12_16
1 01116U 00000A   23121.00000000  .00000000  00000+0  12222-5 0  9991
2 01116  60.0000 330.0000 0002000  82.5000 225.0000 15.24308387  9997
Satellite_500_12_17
1 01117U 00000A   23121.00000000  .00000000  00000+0  12222-5 0  9992
2 01117  60.0000 330.0000 0002000  82.5000 240.0000 15.24308387  9995
Satellite_500_12_18
1 01118U 00000A   23121.00000000  .00000000  00000+0  12222-5 0  9993
2 01118  60.0000 330.0000 0002000  82.5000 255.0000 15.24308387  9992
Satellite_500_12_19
1 01119U 00000A   23121.00000000  .00000000  00000+0  12222-5 0  9994
2 01119  60.0000 330.0000 0002000  82.5000 270.0000 15.24308387  9990
Satellite_500_12_20
1 01120U 00000A   23121.00000000  .00000000  00000+0  12222-5 0  9996
2 01120  60.0000 330.0000 0002000  82.5000 285.0000 15.24308387  9998
Satellite_500_12_21
1 01121U 00000A   23121.00000000  .00000000  00000+0  12222-5 0  9997
2 01121  60.0000 330.0000 0002000  82.5000 300.0000 15.24308387  9997
Satellite_500_12_22
1 01122U 00000A   23121.00000000  .00000000  00000+0  12222-5 0  9998
2 01122  60.0000 330.0000 0002000  82.5000 315.0000 15.24308387  9994
Satellite_500_12_23
1 01123U 00000A   23121.00000000  .00000000  00000+0  12222-5 0  9999
2 01123  60.0000 330.0000 0002000  82.5000 330.0000 15.24308387  9992
Satellite_500_12_24
1 01124U 00000A   23121.00000000  .00000000  00000+0  12222-5 0  9990
2 01124  60.0000 330.0000 0002000  82.5000 345.0000 15.24308387  9999
